529
1025.0	389.0
1013.5	384.5
1024.0	378.0
1012.0	374.5
1022.0	367.0
1009.5	364.5
1019.0	356.0
1006.5	353.5
1016.0	345.0
1003.5	342.5
1013.0	334.0
1000.0	332.5
1009.0	323.0
996.0	321.5
1005.0	312.0
992.5	312.0
1000.0	302.0
987.0	300.5
996.0	291.0
983.5	291.0
991.0	281.0
978.5	281.0
986.0	271.0
973.0	272.0
980.0	261.0
967.0	262.0
974.0	251.0
961.5	253.5
967.0	242.0
956.5	248.0
958.0	236.0
964.5	248.0
951.0	246.0
963.5	251.0
952.0	258.0
964.0	264.0
952.0	270.0
964.5	275.0
953.0	282.0
965.0	288.0
953.0	294.0
965.0	300.0
953.0	306.0
965.0	312.0
953.0	318.0
964.0	326.0
951.0	330.0
959.0	341.5
945.0	341.0
950.0	353.5
937.0	350.0
942.0	362.5
929.0	359.0
932.5	372.0
920.0	367.0
922.0	380.5
910.0	374.0
911.0	387.0
900.0	380.0
898.5	393.0
889.0	384.0
887.5	397.0
878.0	388.0
876.5	401.0
867.0	392.0
865.5	405.0
856.0	396.0
853.5	408.5
845.0	399.0
842.5	411.5
834.0	402.0
831.5	414.5
823.0	405.0
820.5	417.5
812.0	408.0
803.5	417.5
801.0	405.0
792.5	414.5
790.0	402.0
780.5	411.0
779.0	398.0
769.5	407.0
768.0	394.0
758.5	403.0
757.0	390.0
748.5	399.5
746.0	387.0
738.5	397.0
735.0	385.0
727.5	395.0
724.0	383.0
717.5	393.5
713.0	382.0
706.5	392.5
702.0	381.0
695.5	391.5
691.0	380.0
684.5	390.5
680.0	379.0
673.5	389.5
669.0	378.0
663.5	389.0
658.0	378.0
652.5	389.0
647.0	378.0
642.5	389.5
636.0	379.0
630.5	390.0
625.0	379.0
620.5	390.5
614.0	380.0
609.5	391.5
603.0	381.0
599.5	393.0
592.0	383.0
588.5	395.0
581.0	385.0
577.5	397.0
570.0	387.0
566.5	399.0
559.0	389.0
554.5	400.5
548.0	390.0
544.5	402.0
537.0	392.0
532.5	403.5
526.0	393.0
520.5	404.0
515.0	393.0
506.5	402.5
504.0	390.0
495.5	399.5
493.0	387.0
483.5	396.0
482.0	383.0
472.0	390.5
472.0	378.0
462.0	385.5
462.0	373.0
451.0	380.0
452.0	367.0
441.5	373.0
443.0	361.0
431.5	366.5
434.0	354.0
422.0	358.0
426.0	346.0
414.0	350.0
418.0	338.0
405.5	340.5
411.0	329.0
400.0	323.5
411.0	318.0
399.5	311.0
412.0	306.0
401.5	299.5
413.0	295.0
402.5	288.5
414.0	284.0
403.5	277.5
415.0	273.0
404.5	266.5
416.0	262.0
405.5	255.5
417.0	251.0
404.5	248.5
414.0	240.0
403.0	245.0
409.5	257.0
396.0	255.0
401.0	267.5
388.0	264.0
394.5	276.0
381.0	274.0
389.0	285.5
375.0	285.0
383.0	296.5
369.0	296.0
376.0	307.0
363.0	306.0
369.5	318.0
356.0	316.0
364.0	327.5
350.0	327.0
360.0	337.0
346.0	339.0
356.0	349.0
342.0	351.0
352.5	360.0
339.0	363.0
350.0	371.0
337.0	375.0
348.5	382.0
336.0	387.0
348.5	392.0
337.0	399.0
350.5	402.0
340.0	411.0
354.0	413.0
344.0	423.0
358.0	422.5
350.0	434.0
364.5	432.5
357.0	445.0
370.0	441.5
365.0	454.0
378.0	450.5
373.0	463.0
386.0	459.5
381.0	472.0
394.0	468.5
389.0	481.0
402.0	477.5
397.0	490.0
410.0	486.5
405.0	499.0
418.0	495.5
413.0	508.0
426.0	504.5
421.0	517.0
434.0	513.5
429.0	526.0
442.0	522.5
437.0	535.0
448.5	542.0
436.0	547.0
443.0	558.0
430.0	557.0
436.5	569.0
423.0	567.0
429.5	579.0
416.0	577.0
422.5	589.0
409.0	587.0
415.5	599.0
402.0	597.0
407.0	609.5
394.0	606.0
400.5	618.0
387.0	616.0
392.0	628.5
379.0	625.0
385.5	637.0
372.0	635.0
377.0	647.5
364.0	644.0
369.0	656.5
356.0	653.0
361.0	665.5
348.0	662.0
353.0	674.5
340.0	671.0
346.5	683.0
333.0	681.0
338.0	693.5
325.0	690.0
330.0	702.5
317.0	699.0
322.0	711.5
309.0	708.0
314.0	720.5
301.0	717.0
306.0	729.5
293.0	726.0
296.5	739.0
284.0	734.0
289.0	746.5
276.0	743.0
281.0	755.5
268.0	752.0
273.0	764.5
260.0	761.0
263.5	774.0
251.0	769.0
256.0	781.5
243.0	778.0
246.5	791.0
234.0	786.0
239.0	798.5
226.0	795.0
229.5	808.0
217.0	803.0
220.5	816.0
208.0	811.0
213.0	823.5
200.0	820.0
203.5	833.0
191.0	828.0
196.0	840.5
183.0	837.0
186.5	850.0
174.0	845.0
177.5	858.0
165.0	853.0
170.0	865.5
157.0	862.0
160.5	875.0
148.0	870.0
153.0	882.5
140.0	879.0
143.5	892.0
131.0	887.0
136.0	899.5
123.0	896.0
126.5	909.0
114.0	904.0
117.5	917.0
105.0	912.0
110.0	924.5
97.0	921.0
100.5	934.0
88.0	929.0
93.0	941.5
80.0	938.0
83.5	951.0
71.0	946.0
76.0	958.5
63.0	955.0
66.5	968.0
54.0	963.0
62.0	973.0
74.0	972.0
79.0	959.5
86.0	971.0
91.0	958.5
98.0	970.0
103.0	957.5
110.0	969.0
115.0	956.5
122.0	968.0
126.0	955.0
134.0	966.0
139.0	953.5
146.0	965.0
150.0	952.0
158.0	963.0
162.0	950.0
170.0	961.0
174.0	948.0
182.0	959.0
185.0	945.5
194.0	956.0
197.0	942.5
206.0	953.0
209.0	939.5
218.0	950.0
221.0	936.5
230.0	947.0
233.0	933.5
242.0	944.0
245.0	930.5
254.0	941.0
256.0	927.0
266.0	937.0
268.0	923.0
278.0	933.0
280.0	919.0
290.0	929.0
292.0	915.0
302.0	925.0
304.0	911.0
314.0	921.0
316.0	907.0
326.0	917.0
328.0	903.0
338.0	913.0
340.0	899.0
350.0	909.0
350.5	895.5
361.0	904.0
363.0	890.0
373.0	900.0
375.0	886.0
385.0	896.0
385.5	882.5
396.0	891.0
396.5	877.5
407.0	886.0
409.0	872.0
419.0	882.0
419.5	868.5
430.0	877.0
430.5	863.5
441.0	872.0
441.5	858.5
452.0	867.0
452.5	853.5
463.0	862.0
465.0	848.0
475.0	858.0
474.5	844.0
486.0	852.0
486.5	838.5
497.0	847.0
497.5	833.5
508.0	842.0
508.5	828.5
519.0	837.0
518.5	823.0
530.0	831.0
529.5	817.0
541.0	825.0
541.5	811.5
552.0	820.0
551.5	806.0
563.0	814.0
562.5	800.0
574.0	808.0
573.5	794.0
585.0	802.0
584.5	788.0
596.0	796.0
595.5	782.0
607.0	790.0
606.5	776.0
618.0	784.0
617.5	770.0
629.0	778.0
627.0	764.5
639.0	771.0
637.0	757.5
649.0	764.0
648.5	750.0
660.0	758.0
658.0	744.5
670.0	751.0
668.0	737.5
680.0	744.0
678.0	730.5
690.0	737.0
686.5	724.0
699.0	729.0
697.0	715.5
709.0	722.0
705.5	709.0
718.0	714.0
716.0	700.5
728.0	707.0
724.5	694.0
737.0	699.0
733.5	686.0
746.0	691.0
751.0	678.5
758.0	690.0
768.0	680.0
770.0	694.0
780.0	684.0
782.0	698.0
791.0	687.5
794.0	701.0
803.0	690.5
806.0	704.0
813.0	692.5
818.0	705.0
824.0	693.0
830.0	705.0
836.0	693.0
842.0	705.0
846.0	692.0
854.0	703.0
847.0	692.0
860.0	693.0
849.0	687.5
860.0	682.0
848.5	677.5
859.0	671.0
847.5	666.5
858.0	660.0
846.5	655.5
857.0	649.0
845.5	644.5
856.0	638.0
843.5	635.5
853.0	627.0
840.5	624.5
850.0	616.0
837.0	614.5
846.0	605.0
833.0	603.5
842.0	594.0
829.0	592.5
838.0	583.0
826.0	579.5
836.0	572.0
825.5	565.5
837.0	561.0
827.5	552.5
840.0	550.0
845.0	537.5
852.0	549.0
858.0	537.0
864.0	549.0
871.0	537.5
876.0	550.0
879.0	536.5
888.0	547.0
890.0	533.0
900.0	543.0
900.5	529.5
911.0	538.0
909.0	524.5
921.0	531.0
919.0	517.5
931.0	524.0
927.5	511.0
940.0	516.0
936.5	503.0
949.0	508.0
945.5	495.0
958.0	500.0
954.5	487.0
967.0	492.0
962.0	479.5
975.0	483.0
970.0	470.5
983.0	474.0
978.0	461.5
991.0	465.0
984.5	453.0
998.0	455.0
993.0	442.5
1006.0	446.0
999.5	434.0
1013.0	436.0
1004.0	426.5
1017.0	425.0
1008.0	415.5
1021.0	414.0
1011.0	406.5